a = 5.37672
c = 8.96120
